%%MatrixMarket matrix coordinate real general
1089 1089 7393
1 1 8.6732757497876600e-01
1 5 -3.3291127323158598e-01
1 112 -3.3604941203152494e-01
1 630 -1.9836334206546516e-01
2 2 8.6734302418085218e-01
2 31 -3.3607112121028387e-01
2 32 -3.3294471675872289e-01
2 628 -1.9832363844260878e-01
3 3 8.6738268050637934e-01
3 58 -3.3614331729459968e-01
3 59 -3.3301295116871377e-01
3 627 -1.9822286397621272e-01
4 4 8.6729532375536211e-01
4 85 -3.3598209271493740e-01
4 86 -3.3286489139837183e-01
4 629 -1.9844479222995631e-01
5 1 -3.3291127323158598e-01
5 5 1.7944019742564026e+00
5 6 -1.6761544849568003e-01
5 630 -8.2667323252208480e-01
5 830 -4.6719748261508864e-01
6 5 -1.6761544849568003e-01
6 6 1.8528982074317808e+00
6 7 -3.3000756925797087e-01
6 471 -3.3961561320512468e-01
6 830 -1.0156545762551852e+00
7 6 -3.3000756925797087e-01
7 7 1.7882369297073664e+00
7 8 -1.1803959163910920e-01
7 471 -5.3866673530752418e-01
7 754 -8.0151821910247545e-01
8 7 -1.1803959163910918e-01
8 8 1.7879779867848360e+00
8 9 -2.5825115281790040e-01
8 598 -6.6073793207677944e-01
8 754 -7.5094501584393392e-01
9 8 -2.5825115281790045e-01
9 9 1.7557356953612226e+00
9 10 -4.1898584198751282e-01
9 408 -5.5462896399673711e-01
9 598 -5.2386374591686535e-01
10 9 -4.1898584198751282e-01
10 10 1.8000605174737718e+00
10 11 -3.0847439388970538e-01
10 408 -2.9737959807532055e-01
10 803 -7.7521443387047961e-01
11 10 -3.0847439388970538e-01
11 11 1.7413313886593953e+00
11 12 -3.3852191635923584e-01
11 710 -6.2896868353469571e-01
11 803 -4.6536057309348178e-01
12 11 -3.3852191635923584e-01
12 12 1.9211927270793987e+00
12 13 -2.0533011736271919e-01
12 710 -2.4138169096620635e-01
12 1084 -1.1359542103956688e+00
13 12 -2.0533011736271919e-01
13 13 1.6866456845156783e+00
13 14 -2.4589041911331364e-01
13 570 -2.1974965645619696e-01
13 897 -5.4395878526403774e-01
13 1084 -4.7171011675138430e-01
14 13 -2.4589041911331361e-01
14 14 1.7557817334994250e+00
14 15 -2.1814539850087500e-01
14 897 -7.3046680166648204e-01
14 902 -5.6127442419979434e-01
15 14 -2.1814539850087500e-01
15 15 1.7523611865420770e+00
15 16 -3.2489161752008866e-01
15 427 -4.8650188326431548e-01
15 902 -7.2281689315383779e-01
16 15 -3.2489161752008866e-01
16 16 1.7759076005493264e+00
16 17 -1.8451329952023943e-01
16 427 -4.5907661189262650e-01
16 736 -8.0742098515890204e-01
17 16 -1.8451329952023945e-01
17 17 1.7917178720808347e+00
17 18 -4.3025277177060894e-01
17 514 -4.3777325880399770e-01
17 736 -7.3917290378121547e-01
18 17 -4.3025277177060894e-01
18 18 1.7836410567140446e+00
18 19 -3.9880529239820978e-01
18 514 -4.6160326487960313e-01
18 606 -4.9297241163315625e-01
19 18 -3.9880529239820978e-01
19 19 1.8206347286478306e+00
19 20 -1.2489451457905035e-01
19 606 -4.4688389598335743e-01
19 992 -8.5004592931373657e-01
20 19 -1.2489451457905036e-01
20 20 1.7851713868488981e+00
20 21 -3.1592550872950598e-01
20 596 -5.6859368047152925e-01
20 992 -7.7575304592275263e-01
21 20 -3.1592550872950603e-01
21 21 1.8324612707879928e+00
21 22 -2.4708541477148069e-01
21 596 -3.0003064676217334e-01
21 731 -9.6941462657272115e-01
22 21 -2.4708541477148069e-01
22 22 1.8834106146360468e+00
22 23 -9.2604129443503685e-02
22 447 1.6296569294067736e-02
22 731 -5.3510507831574938e-01
22 1012 -1.0249062953662573e+00
23 22 -9.2604129443503685e-02
23 23 1.8463273331423604e+00
23 24 -1.9428039641866540e-01
23 574 -4.1026801241246323e-02
23 966 -5.1032018911283927e-01
23 1012 -1.0080902055854637e+00
24 23 -1.9428039641866540e-01
24 24 1.8924259127994343e+00
24 25 -3.2534643095430260e-01
24 620 -2.7887644427455766e-01
24 966 -1.0939178279659685e+00
25 24 -3.2534643095430260e-01
25 25 1.7531616537679935e+00
25 26 -1.7984904628978338e-01
25 620 -5.6768640308278862e-01
25 768 -6.8027471156870911e-01
26 25 -1.7984904628978338e-01
26 26 1.8358985593497754e+00
26 27 -4.2393028519903048e-01
26 410 -3.3876074111020293e-01
26 768 -8.9335285208747739e-01
27 26 -4.2393028519903048e-01
27 27 1.7649889005356008e+00
27 28 -2.6819338426609424e-01
27 410 -4.5508754204389690e-01
27 601 -6.1777136396780574e-01
28 27 -2.6819338426609424e-01
28 28 1.7687949421897338e+00
28 29 -1.5304472396475835e-01
28 601 -6.0788295733171682e-01
28 757 -7.3966931527854418e-01
29 28 -1.5304472396475835e-01
29 29 1.7780750341573102e+00
29 30 -3.5799216176772886e-01
29 474 -4.9747082675784432e-01
29 757 -7.6956216436340685e-01
30 29 -3.5799216176772886e-01
30 30 1.8400821612318590e+00
30 31 -1.8128666781454938e-01
30 474 -3.3301261792963310e-01
30 832 -9.6778549148513793e-01
31 2 -3.3607112121028387e-01
31 30 -1.8128666781454938e-01
31 31 1.7844599865651121e+00
31 628 -7.9094118333884811e-01
31 832 -4.7615637697874580e-01
32 2 -3.3294471675872289e-01
32 32 1.7943845983026454e+00
32 33 -1.6765760163993837e-01
32 628 -8.2660982488694956e-01
32 828 -4.6716791729287466e-01
33 32 -1.6765760163993834e-01
33 33 1.8529199776066516e+00
33 34 -3.3011510117115928e-01
33 470 -3.3950182464142420e-01
33 828 -1.0156404492551332e+00
34 33 -3.3011510117115933e-01
34 34 1.7882241803245176e+00
34 35 -1.1812977329192589e-01
34 470 -5.3850090641034676e-01
34 753 -8.0147358423409398e-01
35 34 -1.1812977329192588e-01
35 35 1.7879215236525172e+00
35 36 -2.5838219338232399e-01
35 597 -6.6061788306426805e-01
35 753 -7.5078737872608770e-01
36 35 -2.5838219338232399e-01
36 36 1.7557775278158774e+00
36 37 -4.1914192836878866e-01
36 406 -5.5456248032334465e-01
36 597 -5.2368493387640669e-01
37 36 -4.1914192836878866e-01
37 37 1.8001483743994848e+00
37 38 -3.0854742773865257e-01
37 406 -2.9720863748343268e-01
37 802 -7.7524412983385926e-01
38 37 -3.0854742773865257e-01
38 38 1.7413272520524907e+00
38 39 -3.3861089287279672e-01
38 709 -6.2874746254650660e-01
38 802 -4.6541564588953471e-01
39 38 -3.3861089287279672e-01
39 39 1.9207819951798024e+00
39 40 -2.0547207649864618e-01
39 709 -2.4156957320809655e-01
39 1085 -1.1351246589663759e+00
40 39 -2.0547207649864618e-01
40 40 1.6868542296248557e+00
40 41 -2.4658131616694959e-01
40 571 -2.1876766594254704e-01
40 896 -5.4349817313352944e-01
40 1085 -4.7252840257458489e-01
41 40 -2.4658131616694962e-01
41 41 1.7555156442423518e+00
41 42 -2.1904148323906361e-01
41 896 -7.2904185581607051e-01
41 901 -5.6084629361144822e-01
42 41 -2.1904148323906361e-01
42 42 1.7519435937457397e+00
42 43 -3.2634981964848792e-01
42 426 -4.8691378779114208e-01
42 901 -7.1963310149413107e-01
43 42 -3.2634981964848792e-01
43 43 1.7764761745775313e+00
43 44 -1.8549064846306140e-01
43 426 -4.5540619570004370e-01
43 735 -8.0922440884030800e-01
44 43 -1.8549064846306143e-01
44 44 1.7910748370944265e+00
44 45 -4.2987949504395007e-01
44 513 -4.3787122830976150e-01
44 735 -7.3782781911273987e-01
45 44 -4.2987949504395007e-01
45 45 1.7832321315236872e+00
45 46 -3.9878530021153102e-01
45 513 -4.6251681580840609e-01
45 605 -4.9204321079486835e-01
46 45 -3.9878530021153102e-01
46 46 1.8209117843354468e+00
46 47 -1.2477919115457092e-01
46 605 -4.4640345625649180e-01
46 993 -8.5093874061317620e-01
47 46 -1.2477919115457092e-01
47 47 1.7850970408772913e+00
47 48 -3.1580086459925405e-01
47 595 -5.6938475890346807e-01
47 993 -7.7512759054175318e-01
48 47 -3.1580086459925405e-01
48 48 1.8328543908085755e+00
48 49 -2.4691266142597007e-01
48 595 -2.9970159239015648e-01
48 730 -9.7043420050378826e-01
49 48 -2.4691266142597007e-01
49 49 1.8839161844502348e+00
49 50 -9.2038598656256257e-02
49 446 1.6035309083012164e-02
49 730 -5.3474731843577017e-01
49 1011 -1.0262466528459573e+00
50 49 -9.2038598656256257e-02
50 50 1.8460612495902926e+00
50 51 -1.9358368882290519e-01
50 573 -4.1793303099672600e-02
50 965 -5.1105689524860543e-01
50 1011 -1.0075831577142329e+00
51 50 -1.9358368882290519e-01
51 51 1.8926554937938034e+00
51 52 -3.2510953144454663e-01
51 619 -2.7940235939036967e-01
51 965 -1.0945551039066788e+00
52 51 -3.2510953144454663e-01
52 52 1.7531301542008664e+00
52 53 -1.7995527500581243e-01
52 619 -5.6763707036582978e-01
52 767 -6.8042321631633762e-01
53 52 -1.7995527500581243e-01
53 53 1.8359227023362050e+00
53 54 -4.2448609496953016e-01
53 411 -3.3873358525995573e-01
53 767 -8.9274210977057344e-01
54 53 -4.2448609496953016e-01
54 54 1.7652776114228472e+00
54 55 -2.6872681356525469e-01
54 411 -4.5352223517310292e-01
54 602 -6.1853613697710408e-01
55 54 -2.6872681356525469e-01
55 55 1.7687636743438788e+00
55 56 -1.5349500305775229e-01
55 602 -6.0561651080849277e-01
55 758 -7.4092078064048605e-01
56 55 -1.5349500305775232e-01
56 56 1.7777097572618383e+00
56 57 -3.5835983529222976e-01
56 475 -4.9799832498676261e-01
56 758 -7.6785143264898559e-01
57 56 -3.5835983529222976e-01
57 57 1.8404201689749247e+00
57 58 -1.8144285900275184e-01
57 475 -3.3229286851157380e-01
57 831 -9.6831938132020956e-01
58 3 -3.3614331729459968e-01
58 57 -1.8144285900275181e-01
58 58 1.7844588270915858e+00
58 627 -7.9104392395413636e-01
58 831 -4.7582408864272963e-01
59 3 -3.3301295116871377e-01
59 59 1.7943991042313625e+00
59 60 -1.6774824952239636e-01
59 627 -8.2669316107953028e-01
59 827 -4.6694020421053384e-01
60 59 -1.6774824952239636e-01
60 60 1.8530286477344671e+00
60 61 -3.3018078144762092e-01
60 472 -3.3924029113668847e-01
60 827 -1.0158543241062712e+00
61 60 -3.3018078144762092e-01
61 61 1.7881361978171824e+00
61 62 -1.1807473354063960e-01
61 472 -5.3890176591516248e-01
61 755 -8.0097410152246462e-01
62 61 -1.1807473354063960e-01
62 62 1.7879945371867521e+00
62 63 -2.5803087631247945e-01
62 599 -6.6017277160616072e-01
62 755 -7.5171186111606025e-01
63 62 -2.5803087631247945e-01
63 63 1.7556420548707679e+00
63 64 -4.1870566924070102e-01
63 407 -5.5371642338127158e-01
63 599 -5.2518309502514260e-01
64 63 -4.1870566924070102e-01
64 64 1.7994494558580294e+00
64 65 -3.0863967648426249e-01
64 407 -2.9849369304144246e-01
64 804 -7.7360416787987674e-01
65 64 -3.0863967648426249e-01
65 65 1.7414952116490350e+00
65 66 -3.3958768567032460e-01
65 707 -6.2865214236779798e-01
65 804 -4.6460988573044665e-01
66 65 -3.3958768567032460e-01
66 66 1.9275777036884960e+00
66 67 -2.0770810584843935e-01
66 707 -2.3378197465625705e-01
66 1083 -1.1464951535306849e+00
67 66 -2.0770810584843932e-01
67 67 1.6853785986181771e+00
67 68 -2.4249768234977470e-01
67 568 -2.2626594694300431e-01
67 895 -5.4868388595403217e-01
67 1083 -4.6021639863066682e-01
68 67 -2.4249768234977470e-01
68 68 1.7566350406826825e+00
68 69 -2.1471040360461691e-01
68 895 -7.3090507154732143e-01
68 899 -5.6851722233963586e-01
69 68 -2.1471040360461691e-01
69 69 1.7522188704227104e+00
69 70 -3.2324197635143398e-01
69 424 -4.9202615901360069e-01
69 899 -7.2223496285800537e-01
70 69 -3.2324197635143398e-01
70 70 1.7771730732709501e+00
70 71 -1.8398272410725516e-01
70 424 -4.5654531725959813e-01
70 733 -8.1339797783178613e-01
71 70 -1.8398272410725519e-01
71 71 1.7907649042278428e+00
71 72 -4.3014342010118189e-01
71 511 -4.4185873811104570e-01
71 733 -7.3477439019276325e-01
72 71 -4.3014342010118189e-01
72 72 1.7837708771836955e+00
72 73 -3.9813996073380054e-01
72 511 -4.5908581809278348e-01
72 607 -4.9639436324132968e-01
73 72 -3.9813996073380054e-01
73 73 1.8208485724261663e+00
73 74 -1.2479878290834115e-01
73 607 -4.4611616786264952e-01
73 991 -8.5178856520565460e-01
74 73 -1.2479878290834115e-01
74 74 1.7850209742856362e+00
74 75 -3.1607877983488769e-01
74 593 -5.6923120974276142e-01
74 991 -7.7490756369796121e-01
75 74 -3.1607877983488769e-01
75 75 1.8324803399311815e+00
75 76 -2.4736991605288816e-01
75 593 -2.9970113200712883e-01
75 728 -9.6932543624164036e-01
76 75 -2.4736991605288816e-01
76 76 1.8840925265550419e+00
76 77 -9.2860814777261838e-02
76 444 1.7161610762251634e-02
76 728 -5.3494287295867826e-01
76 1009 -1.0260742655046822e+00
77 76 -9.2860814777261838e-02
77 77 1.8456953545795043e+00
77 78 -1.9426659033087534e-01
77 575 -4.1062900238858141e-02
77 967 -5.1092486320808594e-01
77 1009 -1.0065745729938065e+00
78 77 -1.9426659033087534e-01
78 78 1.8918492599304502e+00
78 79 -3.2532519510504959e-01
78 621 -2.7942131086277322e-01
78 967 -1.0928313488904204e+00
79 78 -3.2532519510504959e-01
79 79 1.7532095531439844e+00
79 80 -1.7970405753658000e-01
79 621 -5.6759345245268156e-01
79 769 -6.8058178644653677e-01
80 79 -1.7970405753658000e-01
80 80 1.8357490877118636e+00
80 81 -4.2352399322782214e-01
80 413 -3.3907927935790372e-01
80 769 -8.9343612520370452e-01
81 80 -4.2352399322782214e-01
81 81 1.7648992355683153e+00
81 82 -2.6746954586401078e-01
81 413 -4.5564153574668920e-01
81 604 -6.1825784161157959e-01
82 81 -2.6746954586401078e-01
82 82 1.7691592820829734e+00
82 83 -1.5224072675465178e-01
82 604 -6.0904001073201397e-01
82 760 -7.4040444415674167e-01
83 82 -1.5224072675465181e-01
83 83 1.7783091337160075e+00
83 84 -3.5743222507813760e-01
83 477 -4.9799299455890533e-01
83 760 -7.7063803585338797e-01
84 83 -3.5743222507813760e-01
84 84 1.8398207470006549e+00
84 85 -1.8108626653794169e-01
84 477 -3.3370663743959561e-01
84 833 -9.6759039915930667e-01
85 4 -3.3598209271493740e-01
85 84 -1.8108626653794169e-01
85 85 1.7844711382845413e+00
85 629 -7.9092669919285064e-01
85 833 -4.7647144369581701e-01
86 4 -3.3286489139837183e-01
86 86 1.7943620716498574e+00
86 87 -1.6759352674034420e-01
86 629 -8.2654357532761036e-01
86 829 -4.6735554082692743e-01
87 86 -1.6759352674034422e-01
87 87 1.8528115391551447e+00
87 88 -3.3000349386492367e-01
87 473 -3.3974796323219347e-01
87 829 -1.0154615550423003e+00
88 87 -3.3000349386492367e-01
88 88 1.7883424055558119e+00
88 89 -1.1796606055701168e-01
88 473 -5.3844498534931340e-01
88 756 -8.0192305164222644e-01
89 88 -1.1796606055701168e-01
89 89 1.7880212375169688e+00
89 90 -2.5803188427226376e-01
89 600 -6.6152055734882143e-01
89 756 -7.5049844262083543e-01
90 89 -2.5803188427226381e-01
90 90 1.7554713431029139e+00
90 91 -4.1804007296036788e-01
90 409 -5.5646417796781278e-01
90 600 -5.2292922500784078e-01
91 90 -4.1804007296036788e-01
91 91 1.7999306891900484e+00
91 92 -3.0540715549885494e-01
91 409 -2.9905540618665016e-01
91 805 -7.7742181605600891e-01
92 91 -3.0540715549885494e-01
92 92 1.7405839469343007e+00
92 93 -3.3670763401777037e-01
92 708 -6.2809457312603589e-01
92 805 -4.7036878866941279e-01
93 92 -3.3670763401777037e-01
93 93 1.9281939723961339e+00
93 94 -2.0725280422020567e-01
93 708 -2.3558044698379274e-01
93 1082 -1.1486483295258185e+00
94 93 -2.0725280422020567e-01
94 94 1.6855357671600837e+00
94 95 -2.4489665991867426e-01
94 569 -2.2580613871206398e-01
94 894 -5.4672016852672800e-01
94 1082 -4.6085340056055502e-01
95 94 -2.4489665991867426e-01
95 95 1.7555089785778109e+00
95 96 -2.1751692193651440e-01
95 894 -7.2664805390232012e-01
95 900 -5.6644265913882685e-01
96 95 -2.1751692193651437e-01
96 96 1.7517471810767755e+00
96 97 -3.2560358319801685e-01
96 425 -4.9001662294196857e-01
96 900 -7.1860465827717401e-01
97 96 -3.2560358319801685e-01
97 97 1.7766987891564872e+00
97 98 -1.8556600658054501e-01
97 425 -4.5488588341357894e-01
97 734 -8.1063821788105639e-01
98 97 -1.8556600658054503e-01
98 98 1.7912276413924755e+00
98 99 -4.3113038301556528e-01
98 512 -4.3855588289219305e-01
98 734 -7.3596972049013709e-01
99 98 -4.3113038301556528e-01
99 99 1.7840314629327403e+00
99 100 -3.9895548340558989e-01
99 512 -4.6015862330654217e-01
99 608 -4.9377965002532626e-01
100 99 -3.9895548340558989e-01
100 100 1.8208046118399446e+00
100 101 -1.2491622142207850e-01
100 608 -4.4642943511790634e-01
100 990 -8.5049837411328988e-01
101 100 -1.2491622142207850e-01
101 101 1.7850967687037589e+00
101 102 -3.1581467272053654e-01
101 594 -5.6892231314566000e-01
101 990 -7.7543892471629527e-01
102 101 -3.1581467272053654e-01
102 102 1.8327082517668252e+00
102 103 -2.4688164533304077e-01
102 594 -2.9992453644020495e-01
102 729 -9.7008232526528948e-01
103 102 -2.4688164533304077e-01
103 103 1.8838967009631307e+00
103 104 -9.1989826689359705e-02
103 445 1.6044335393534292e-02
103 729 -5.3481122442258100e-01
103 1010 -1.0262520787033982e+00
104 103 -9.1989826689359705e-02
104 104 1.8459753359128608e+00
104 105 -1.9351267672420822e-01
104 576 -4.1984949900356429e-02
104 968 -5.1101420434966693e-01
104 1010 -1.0074680728290628e+00
105 104 -1.9351267672420822e-01
105 105 1.8927103388391739e+00
105 106 -3.2497228009524676e-01
105 622 -2.7946258455819567e-01
105 968 -1.0947579880712537e+00
106 105 -3.2497228009524676e-01
106 106 1.7531356254929107e+00
106 107 -1.7968729559326110e-01
106 622 -5.6822752695645595e-01
106 770 -6.8024346307663697e-01
107 106 -1.7968729559326108e-01
107 107 1.8360518254661253e+00
107 108 -4.2379735737006258e-01
107 412 -3.3864712507920719e-01
107 770 -8.9391441358686641e-01
108 107 -4.2379735737006258e-01
108 108 1.7648658541030251e+00
108 109 -2.6816729579933862e-01
108 412 -4.5577583227908047e-01
108 603 -6.1711904446602328e-01
109 108 -2.6816729579933862e-01
109 109 1.7687745852793444e+00
109 110 -1.5291738412684619e-01
109 603 -6.0866379993511111e-01
109 759 -7.3902154510638696e-01
110 109 -1.5291738412684619e-01
110 110 1.7782394448424830e+00
110 111 -3.5788641821574924e-01
110 476 -4.9711006538045333e-01
110 759 -7.7032042099576414e-01
111 110 -3.5788641821574924e-01
111 111 1.8399181432372533e+00
111 112 -1.8124784191688936e-01
111 476 -3.3330741385366858e-01
111 834 -9.6747124775369764e-01
112 1 -3.3604941203152494e-01
112 111 -1.8124784191688936e-01
112 112 1.7844413136571489e+00
112 630 -7.9082792863726747e-01
112 834 -4.7631149403573703e-01
113 113 3.7407698692927971e+00
113 428 -6.1320368641021750e-01
113 860 -7.0272137560784242e-01
113 889 -7.1097707843356717e-01
113 916 -8.4158773752418314e-01
113 1013 -8.7227471695917147e-01
114 114 3.7127199985005381e+00
114 495 -3.1153448092604119e-01
114 560 -3.5626981421997433e-01
114 585 -4.1964668450185860e-01
114 779 -8.3217375614219835e-01
114 912 -7.1265611076395619e-01
114 980 -1.0804293256122826e+00
115 115 3.7117126282299608e+00
115 496 -3.1025936354170547e-01
115 561 -3.6235735876527581e-01
115 586 -4.1729032916617204e-01
115 780 -8.3821018268309810e-01
115 913 -7.0987802427265001e-01
115 979 -1.0737075451525593e+00
116 116 3.7106672861037922e+00
116 497 -3.1363927016813514e-01
116 562 -3.5594269629665942e-01
116 587 -4.1912885660687721e-01
116 781 -8.3153201033256396e-01
116 914 -7.1407748693019513e-01
116 982 -1.0763371166502553e+00
117 117 3.7285868738631387e+00
117 498 -2.8236169307665099e-01
117 563 -3.6932112299746622e-01
117 588 -4.2018765502384831e-01
117 782 -8.5667348808444710e-01
117 915 -7.0223531907825221e-01
117 981 -1.0977975530290796e+00
118 118 3.5481296183731033e+00
118 418 -5.4267255606964471e-01
118 499 -3.6831454398187013e-01
118 506 -5.5117382630856582e-01
118 556 -5.4228160245277601e-01
118 623 -7.2377996628968244e-01
118 818 -8.1989575999466524e-01
119 119 3.5473029353579189e+00
119 420 -5.4270972790312000e-01
119 500 -3.6737484374827106e-01
119 507 -5.4725599166919503e-01
119 557 -5.4813289253233355e-01
119 624 -7.2702978397821549e-01
119 819 -8.1478833829745212e-01
120 120 3.5492887130359190e+00
120 422 -5.4643388917557090e-01
120 501 -3.6088028761034063e-01
120 508 -5.5078257475699655e-01
120 558 -5.4150128733520253e-01
120 625 -7.2710777315078512e-01
120 820 -8.2257151154735464e-01
121 121 3.5798003421733666e+00
121 423 -4.1747058045495322e-01
121 502 -3.7094252454719912e-01
121 509 -5.4146128784648884e-01
121 559 -6.3757018818023414e-01
121 626 -6.9213827863796218e-01
121 821 -9.2020520527692717e-01
122 122 3.5781579917917572e+00
122 613 -4.4047199154110334e-01
122 678 -3.8450746130227820e-01
122 693 -5.4321258659823191e-01
122 907 -6.0628472147207457e-01
122 1029 -7.0735598520991261e-01
122 1044 -8.9631694920783844e-01
123 123 3.5767774200634119e+00
123 614 -4.3943550362219502e-01
123 679 -3.8927947402133056e-01
123 694 -5.4011461131601723e-01
123 908 -6.0633733643046561e-01
123 1030 -7.0963945439457465e-01
123 1045 -8.9196274437138845e-01
124 124 3.5765234719628705e+00
124 615 -4.3893050630165292e-01
124 680 -3.9038482095499927e-01
124 696 -5.3964265492248864e-01
124 910 -6.0622734132583700e-01
124 1031 -7.1004920494532564e-01
124 1046 -8.9128063802334567e-01
125 125 3.5764571723100187e+00
125 616 -4.3998364843034865e-01
125 681 -3.8892542143027031e-01
125 697 -5.4119166189955958e-01
125 909 -6.0556050178260379e-01
125 1032 -7.1049305306713295e-01
125 1047 -8.9029457848108962e-01
126 126 3.7164065913947208e+00
126 503 -5.2461563096301544e-01
126 617 -5.8176789500437054e-01
126 677 -9.0973345773118608e-01
126 811 -9.5876300591336583e-01
126 911 -7.4151843594789657e-01
127 127 3.6321451046908821e+00
127 504 -3.0399358143024013e-01
127 527 -4.5812123735026100e-01
127 555 -5.4202157081125790e-01
127 812 -8.1490801690479464e-01
127 869 -8.4784963089482202e-01
127 1028 -6.6524125584266114e-01
128 128 3.5163528186273667e+00
128 389 -4.5434566619095013e-01
128 465 -4.7541412673448624e-01
128 532 -7.1989118933970131e-01
128 618 -5.2412976895066854e-01
128 813 -6.5457422756198125e-01
128 999 -6.8798494921345099e-01
129 129 3.5204056972059461e+00
129 405 -2.0483684494187873e-01
129 429 -3.2802021513861790e-01
129 763 -8.0990749055449129e-01
129 766 -6.0829507416112238e-01
129 978 -4.9122364742349445e-01
129 1000 -3.2400335764478094e-01
129 1005 -7.5410715086978031e-01
130 130 3.5581537309976938e+00
130 374 -4.0201082319958109e-01
130 479 -3.5957360082072354e-01
130 483 -2.8662063966951562e-01
130 519 -1.6726790073673869e-01
130 741 -6.9330396218899493e-01
130 792 -7.9137973571542475e-01
130 880 -8.5798372084005714e-01
131 131 3.5594108867363117e+00
131 375 -3.9799920053108490e-01
131 480 -3.6141168472221447e-01
131 484 -2.8333712989145393e-01
131 520 -1.6796691120974783e-01
131 742 -6.9879555891559586e-01
131 793 -7.9319193502135188e-01
131 881 -8.5669517072406753e-01
132 132 3.5566098913105653e+00
132 376 -4.0208023052544856e-01
132 481 -3.6172013541781872e-01
132 485 -2.8734181284323090e-01
132 521 -1.6687421008054801e-01
132 743 -6.9183116529237587e-01
132 794 -7.9295095474068411e-01
132 882 -8.5379809976328924e-01
133 133 3.5577287228147014e+00
133 377 -3.9964299395604191e-01
133 482 -3.6426296353576904e-01
133 486 -2.8748365970540485e-01
133 522 -1.6540774180878076e-01
133 744 -6.9191705205248621e-01
133 795 -7.9427973513016170e-01
133 883 -8.5472125123679055e-01
134 134 3.6527101533892989e+00
134 434 -3.6069542766529450e-01
134 461 -2.8925686712763143e-01
134 688 -5.0386116047078122e-01
134 773 -6.8268021985474792e-01
134 876 -1.0336125821421902e+00
134 944 -7.8259270552266136e-01
135 135 3.6506324216061468e+00
135 432 -3.6714368208110548e-01
135 462 -2.8367549303899003e-01
135 686 -5.0918651552954086e-01
135 772 -6.7715562597509615e-01
135 877 -1.0243235839617677e+00
135 945 -7.8913635222806100e-01
136 136 3.6511683822880197e+00
136 435 -3.6407559036683285e-01
136 463 -2.8805499985073313e-01
136 689 -5.0547542257873901e-01
136 777 -6.7862882999148155e-01
136 878 -1.0286570559647930e+00
136 947 -7.8626530738854838e-01
137 137 3.6508101892948166e+00
137 433 -3.6519877973440157e-01
137 464 -2.9058015960744904e-01
137 687 -5.0033509191103864e-01
137 776 -6.7996887837622511e-01
137 879 -1.0274222873218590e+00
137 946 -7.8729379986902137e-01
138 138 3.5718374546656682e+00
138 417 -5.2113652973294511e-01
138 505 -2.5912975312216890e-01
138 534 -3.3969490340394770e-01
138 564 -3.9621914017567000e-01
138 752 -4.2861724538806900e-01
138 983 -9.6473654114255647e-01
138 1065 -6.6229313659736921e-01
139 139 3.4811256491923297e+00
139 384 -4.9866741922468372e-01
139 419 -6.5890817401788770e-01
139 536 -4.8372790864378135e-01
139 565 -5.7529737189882213e-01
139 765 -6.1170883855107383e-01
139 898 -6.5280611753417295e-01
140 140 3.5252056387878690e+00
140 383 -2.0399128935954891e-01
140 421 -4.1924867941466304e-01
140 430 -3.0636433043660105e-01
140 535 -3.8174303413865346e-01
140 698 -7.1872664859369162e-01
140 727 -7.8735773047390367e-01
140 922 -7.0776201557110241e-01
141 141 3.4119657742897909e+00
141 390 -4.9122884375714904e-01
141 414 -2.5639230560047649e-01
141 431 -2.3969883881286225e-01
141 537 -2.5541012441408367e-01
141 764 -4.1624144465631352e-01
141 888 -4.6767880238250498e-01
141 923 -6.3480986816222273e-01
141 1006 -6.5049200171245347e-01
142 142 3.6825634658111599e+00
142 440 -3.1155294435618225e-01
142 491 -4.1327954841344788e-01
142 589 -5.3455956311332631e-01
142 715 -6.6347295716581789e-01
142 835 -1.0435953570351795e+00
142 973 -7.1609293660481721e-01
143 143 3.6804178792039308e+00
143 441 -3.1396695855252582e-01
143 492 -4.0836300944284576e-01
143 590 -5.4019514442318861e-01
143 716 -6.6478158616133831e-01
143 836 -1.0387491627336569e+00
143 974 -7.1435189172808555e-01
144 144 3.6800949978322182e+00
144 442 -3.1329838182854569e-01
144 493 -4.0991725097270393e-01
144 591 -5.3903361994099996e-01
144 717 -6.6677793786082118e-01
144 837 -1.0370971535967595e+00
144 975 -7.1396053745071819e-01
145 145 3.6812256840162187e+00
145 443 -3.1208887966604715e-01
145 494 -4.0928463951435146e-01
145 592 -5.3896873497882358e-01
145 718 -6.6593952729474970e-01
145 838 -1.0393971468946639e+00
145 976 -7.1553661928464218e-01
146 146 3.5207697416786070e+00
146 457 -4.5776082692986314e-01
146 546 -4.6001977986450970e-01
146 551 -5.3839306602969739e-01
146 639 -6.4439496959853337e-01
146 703 -8.3198952854278230e-01
146 783 -5.8819897200568616e-01
147 147 3.5205396164994771e+00
147 458 -4.5397116477531468e-01
147 547 -4.6564492382879330e-01
147 552 -5.4272029768479557e-01
147 640 -6.4706428526745530e-01
147 704 -8.3165573285849437e-01
147 784 -5.7947059235084564e-01
148 148 3.5202872473088278e+00
148 459 -4.5550596742732552e-01
148 548 -4.6565452616345321e-01
148 553 -5.4021220702613548e-01
148 641 -6.4813231354910328e-01
148 705 -8.3040495510819634e-01
148 785 -5.8036468146643916e-01
149 149 3.5216836312976918e+00
149 460 -4.5824424415533288e-01
149 549 -4.5637258704964850e-01
149 554 -5.4120406742087890e-01
149 642 -6.4766720385149867e-01
149 706 -8.3688696911945226e-01
149 786 -5.8129595017883540e-01
150 150 3.6259766763955312e+00
150 453 -4.1212626549793913e-01
150 487 -4.6892557476273666e-01
150 635 -7.1598462592234868e-01
150 643 -7.6997808283413205e-01
150 806 -6.0776710929851319e-01
150 1061 -6.5118427381688626e-01
151 151 3.6263777262042853e+00
151 454 -4.1075835336135946e-01
151 488 -4.6747094641751719e-01
151 636 -7.1602261079576901e-01
151 644 -7.7297469697137355e-01
151 807 -6.0680080111667900e-01
151 1063 -6.5233955628638962e-01
152 152 3.6279104527239938e+00
152 455 -4.1144509351206604e-01
152 489 -4.6218062498698748e-01
152 637 -7.1223541610564056e-01
152 645 -7.7648625648352265e-01
152 808 -6.1086935080565852e-01
152 1062 -6.5468300519601308e-01
153 153 3.6281195490952571e+00
153 456 -4.0984105648773744e-01
153 490 -4.6695986039400722e-01
153 638 -7.1653108014703193e-01
153 646 -7.7289775006823902e-01
153 809 -6.0641969671265772e-01
153 1064 -6.5545937162928536e-01
154 154 3.8572188328913026e+00
154 436 -5.1255577893756776e-01
154 515 -4.2175918944636004e-01
154 655 -1.1515573346696144e+00
154 787 -7.8637462341173692e-01
154 1001 -9.8496381480179840e-01
155 155 3.8662891514323099e+00
155 437 -5.1123224657723010e-01
155 516 -4.1258934973877492e-01
155 656 -1.1626451802383064e+00
155 788 -7.8660011231737670e-01
155 1002 -9.9321412559196187e-01
156 156 3.8651747563456493e+00
156 438 -4.9236796614778577e-01
156 517 -4.2665677189503470e-01
156 657 -1.1759460308589216e+00
156 789 -7.9163585226983280e-01
156 1003 -9.7856022740264625e-01
157 157 3.8402627277055084e+00
157 439 -5.1004075802298132e-01
157 518 -4.4185178157528371e-01
157 658 -1.1222539005739902e+00
157 790 -7.8391517158739088e-01
157 1004 -9.8219304774090244e-01
158 158 3.6957180299464785e+00
158 577 -6.2365865528024345e-01
158 682 -6.2749221311163172e-01
158 711 -9.0741475237553382e-01
158 798 -7.2195837891926729e-01
158 936 -8.1518644057649203e-01
159 159 3.6962306081812657e+00
159 579 -6.2254020530095155e-01
159 684 -6.2685398383037727e-01
159 712 -9.0868237806280949e-01
159 800 -7.2166082352727423e-01
159 938 -8.1648562929078627e-01
160 160 3.6958215954001776e+00
160 578 -6.2397103053384695e-01
160 683 -6.2759599174512137e-01
160 713 -9.0695377083481055e-01
160 799 -7.2236500421222460e-01
160 937 -8.1492820108393560e-01
161 161 3.6958973691117465e+00
161 580 -6.2314914715040493e-01
161 685 -6.2718110068341881e-01
161 714 -9.0820337296818132e-01
161 801 -7.2103298970689822e-01
161 939 -8.1632316757626977e-01
162 162 3.6642454457838527e+00
162 524 -6.7543777738089761e-01
162 609 -6.4933799487788590e-01
162 668 -7.6024840274986261e-01
162 737 -7.3673236862397662e-01
162 815 -8.4248106509232967e-01
163 163 3.6634276090149229e+00
163 523 -6.8976284288135004e-01
163 610 -6.5561146709037255e-01
163 667 -7.3029138522082016e-01
163 738 -7.5831867293514787e-01
163 814 -8.2943564265174896e-01
164 164 3.6663025272389036e+00
164 526 -6.8488793577638596e-01
164 611 -6.3662711617531043e-01
164 670 -7.4549245502564465e-01
164 739 -7.5900530333021154e-01
164 817 -8.4028204510078874e-01
165 165 3.6620663352378293e+00
165 525 -6.8347373575362302e-01
165 612 -6.6997945115915192e-01
165 669 -7.4232195576151472e-01
165 740 -7.3761136550583228e-01
165 816 -8.2867233342801550e-01
166 166 3.6585964545101382e+00
166 647 -6.6148225430178054e-01
166 659 -6.4464079927351903e-01
166 672 -7.2961048684603802e-01
166 942 -7.7061552295123725e-01
166 1037 -8.5224099707950041e-01
167 167 3.6584418960922984e+00
167 649 -6.6070970460994149e-01
167 660 -6.4628511165985658e-01
167 673 -7.2806522749861946e-01
167 943 -7.7165225406057369e-01
167 1038 -8.5172321068968759e-01
168 168 3.6590219703786699e+00
168 648 -6.5796745579101490e-01
168 661 -6.4417180438266353e-01
168 674 -7.3053641301099126e-01
168 940 -7.7048592936888771e-01
168 1039 -8.5585398483707920e-01
169 169 3.6584835700229910e+00
169 650 -6.6061795809661994e-01
169 662 -6.4640305515649199e-01
169 675 -7.2797059740748260e-01
169 941 -7.7154744924538099e-01
169 1040 -8.5193812334829178e-01
170 170 3.5804158202656846e+00
170 529 -4.0955548956671400e-01
170 690 -5.0570279346706071e-01
170 719 -8.9650080291072165e-01
170 747 -6.4729939800278058e-01
170 871 -6.3214430418982281e-01
170 1052 -4.8920483831062783e-01
171 171 3.5820815517878315e+00
171 528 -4.0733196671744520e-01
171 691 -5.0335131730012805e-01
171 720 -9.0051530017309478e-01
171 748 -6.4777802792130734e-01
171 872 -6.3231753506059074e-01
171 1051 -4.9077918486429856e-01
172 172 3.5821586983782892e+00
172 531 -4.0607711761299070e-01
172 692 -5.0355368086278096e-01
172 721 -9.0060904081434323e-01
172 749 -6.4622177977703299e-01
172 873 -6.3557340031329879e-01
172 1053 -4.9011548061097127e-01
173 173 3.5810285573433998e+00
173 530 -4.0853734219977511e-01
173 695 -5.0407180286354514e-01
173 722 -8.9767405986058446e-01
173 750 -6.4897481583589367e-01
173 874 -6.3173656652322552e-01
173 1054 -4.9002577009134146e-01
174 174 3.5204073307621728e+00
174 538 -5.5756288594495695e-01
174 542 -5.2698849459097752e-01
174 723 -4.0910190515184874e-01
174 771 -7.3548949439729538e-01
174 822 -7.6239970560751480e-01
174 841 -5.2885544009689445e-01
175 175 3.5199228407881500e+00
175 539 -5.6318765588028497e-01
175 544 -5.2363570860506470e-01
175 725 -4.0892545420832549e-01
175 775 -7.2669406231507394e-01
175 824 -7.6694387094580252e-01
175 842 -5.3052664842821962e-01
176 176 3.5200253504466112e+00
176 540 -5.5354461998816307e-01
176 543 -5.2480946895405101e-01
176 724 -4.1041821941166473e-01
176 774 -7.3613736826734255e-01
176 823 -7.6066208974553018e-01
176 843 -5.3444410581707991e-01
177 177 3.5210703923655013e+00
177 541 -5.5675843528013513e-01
177 545 -5.2710307120244471e-01
177 726 -4.0611954380397042e-01
177 778 -7.3782365680227602e-01
177 825 -7.6285371869510776e-01
177 844 -5.3040250726798599e-01
178 178 3.4691132426895082e+00
178 378 -6.0228972938975889e-01
178 415 -5.8671598344725828e-01
178 566 -5.3461665648324630e-01
178 671 -5.8826894337564839e-01
178 826 -5.9606998254286248e-01
178 845 -5.6114186803143662e-01
179 179 3.5140512177002803e+00
179 383 -1.6832741591206801e-01
179 550 -7.7852766705602894e-01
179 572 -4.4273293633784311e-01
179 745 -4.7243814203239548e-01
179 762 -8.0275380480899516e-01
179 870 -4.5594430671393826e-01
179 1055 -3.9331455086651823e-01
180 180 3.6508781224033298e+00
180 404 -6.6788709949862646e-01
180 746 -7.9880915711155387e-01
180 751 -7.2727589761079947e-01
180 810 -7.1177578694266952e-01
180 1022 -7.4512336526899647e-01
181 181 3.6080635429916361e+00
181 389 -4.5478168724873863e-01
181 478 -4.0904474823213149e-01
181 676 -3.6493583586312145e-01
181 732 -7.9019278743749044e-01
181 875 -7.1290866837243116e-01
181 998 -8.7618950598233780e-01
182 182 3.5647316375804046e+00
182 496 -5.0186095773084571e-01
182 664 -6.1908536614454646e-01
182 700 -6.0098921249676240e-01
182 791 -4.5514377119398852e-01
182 1008 -7.1516499508994502e-01
182 1056 -6.7247893802822123e-01
183 183 3.5412801519035995e+00
183 495 -4.9628580495876118e-01
183 663 -6.6911407302188963e-01
183 699 -5.9776483840428041e-01
183 796 -4.9935511665229820e-01
183 1048 -6.9943614546896182e-01
183 1070 -5.7931474005830319e-01
184 184 3.5320027357683874e+00
184 403 -3.8632436177710733e-01
184 452 -2.9083111182934424e-01
184 498 -3.3252738521952474e-01
184 666 -5.4647110003448018e-01
184 702 -5.4281351115181597e-01
184 964 -6.9689552184951276e-01
184 1027 -7.3612712205072772e-01
185 185 3.5431701629170802e+00
185 497 -5.0682793725173414e-01
185 665 -6.7407267430996709e-01
185 701 -5.7771770141970735e-01
185 797 -5.3120847219169764e-01
185 1049 -7.0488991816929847e-01
185 1071 -5.4844422612757193e-01
186 186 3.6139601486679593e+00
186 391 -3.7316081875810136e-01
186 407 -1.8653241377112306e-01
186 457 -3.8704646812529597e-01
186 578 -1.7782785022927644e-01
186 848 -8.7399831067024059e-01
186 861 -7.6521224875170468e-01
186 924 -8.5016700009848400e-01
187 187 3.6144660651151761e+00
187 392 -3.7059846401177626e-01
187 406 -1.8569950430892151e-01
187 459 -3.8687353920651457e-01
187 577 -1.7999040664337121e-01
187 846 -8.7591407983005531e-01
187 863 -7.6260792758673368e-01
187 925 -8.5276710200535322e-01
188 188 3.6161636631002616e+00
188 393 -3.6960557978327202e-01
188 409 -1.8285519705273687e-01
188 458 -3.8711781711998450e-01
188 580 -1.8060603835886183e-01
188 849 -8.7776244120922942e-01
188 862 -7.6580996847310601e-01
188 926 -8.5239158131999382e-01
189 189 3.6146018847557757e+00
189 394 -3.6964645966253262e-01
189 408 -1.8606795097123832e-01
189 460 -3.8690165608325477e-01
189 579 -1.8009355369350488e-01
189 847 -8.7537526528806420e-01
189 864 -7.6308680357431080e-01
189 927 -8.5341516284856178e-01
190 190 3.8621663266086688e+00
190 410 -2.1430338686746397e-01
190 454 -2.8423927347571548e-01
190 850 -8.3344445956581004e-01
190 865 -1.2769420726229541e+00
190 884 -8.0033587652300975e-01
190 1057 -4.5289282641047868e-01
191 191 3.8612900577874076e+00
191 411 -2.1398794899006651e-01
191 453 -2.8710976277524342e-01
191 851 -8.2751527460546703e-01
191 866 -1.2794427693463071e+00
191 885 -7.9352690745499110e-01
191 1058 -4.5969898184271601e-01
192 192 3.8623750194091024e+00
192 412 -2.1509277191433115e-01
192 456 -2.8352438538279290e-01
192 852 -8.3521163107977014e-01
192 867 -1.2754817048716565e+00
192 886 -8.0333300784512074e-01
192 1059 -4.4972307880573115e-01
193 193 3.8622878646925431e+00
193 413 -2.1549192476839316e-01
193 455 -2.8326677012626428e-01
193 853 -8.3475437285146104e-01
193 868 -1.2755320807077610e+00
193 887 -8.0392555763214180e-01
193 1060 -4.4930872277758549e-01
194 194 3.7177211084192572e+00
194 503 -5.7210787949600961e-01
194 651 -8.9671649759394811e-01
194 854 -9.5438024062593740e-01
194 952 -6.7138812344108745e-01
194 1041 -6.2312115800887136e-01
195 195 3.7235372710711294e+00
195 504 -5.4373581389163150e-01
195 652 -9.1937893661817960e-01
195 855 -9.6165105937605855e-01
195 953 -6.5403929583434495e-01
195 1042 -6.4472499033428377e-01
196 196 3.5384344681764692e+00
196 465 -3.8920904280327884e-01
196 653 -5.3825816024107775e-01
196 839 -7.5656411667525481e-01
196 954 -5.7248295866190246e-01
196 989 -7.5757591832733762e-01
196 1043 -5.2433504072953052e-01
197 197 3.5401235273053921e+00
197 405 -4.1144739126438717e-01
197 414 -4.0666333415268813e-01
197 423 -1.9995342568225133e-01
197 533 -7.9391750686794604e-01
197 654 -3.1077595810944803e-01
197 955 -7.2290447277317937e-01
197 988 -6.9444974910815993e-01
198 198 3.6620228092501215e+00
198 479 -4.4381232769506473e-01
198 491 -2.5815978202415429e-01
198 581 -5.1145710813217571e-01
198 890 -8.2088666792573473e-01
198 917 -1.0207688798574723e+00
198 1018 -6.0692868753069140e-01
199 199 3.6639705730922674e+00
199 480 -4.4501454199145596e-01
199 492 -2.5595262004055291e-01
199 582 -5.1111990560887577e-01
199 891 -8.1919073625652106e-01
199 918 -1.0265943436111229e+00
199 1019 -6.0608905495208365e-01
200 200 3.6635191097216264e+00
200 481 -4.4359944620766234e-01
200 493 -2.5724772091481712e-01
200 583 -5.1255797853613194e-01
200 892 -8.1716384395775132e-01
200 919 -1.0277103327853248e+00
200 1021 -6.0523042960301787e-01
201 201 3.6639083362771676e+00
201 482 -4.4208507280567383e-01
201 494 -2.5716340465684695e-01
201 584 -5.1188415773028362e-01
201 893 -8.1522626388945196e-01
201 920 -1.0289586104629309e+00
201 1020 -6.0858145059035684e-01
202 202 3.5545169061827493e+00
202 432 -5.6231377056172371e-01
202 446 -5.7622201498429271e-01
202 487 -4.5014196031208054e-01
202 573 -4.5273283252089075e-01
202 632 -6.5349090941607679e-01
202 928 -8.5960160533544461e-01
203 203 3.5530908108899126e+00
203 433 -5.6325949203237036e-01
203 447 -5.7882323834445382e-01
203 488 -4.5172075394031880e-01
203 574 -4.5456903695901746e-01
203 634 -6.4966918543331664e-01
203 929 -8.5503533514992203e-01
204 204 3.5525954261599475e+00
204 434 -5.6673940730528083e-01
204 444 -5.7791772900989213e-01
204 489 -4.5253797759874353e-01
204 575 -4.5521495779016730e-01
204 631 -6.4739787489166822e-01
204 930 -8.5277373553276259e-01
205 205 3.5540519758929983e+00
205 435 -5.6284096383430060e-01
205 445 -5.7684262317751522e-01
205 490 -4.5114668947992548e-01
205 576 -4.5277364131953407e-01
205 633 -6.5244409945739623e-01
205 931 -8.5799015448583382e-01
206 206 3.7620649031885449e+00
206 461 -2.6230071777026542e-01
206 506 -2.5628585275719507e-01
206 858 -7.0313709635708943e-01
206 903 -6.9821372265122905e-01
206 969 -8.9900900730445588e-01
206 1016 -9.4310935080600167e-01
207 207 3.7614842972411653e+00
207 463 -2.6300257148233513e-01
207 507 -2.5590858767911767e-01
207 859 -7.0102914599989063e-01
207 905 -6.9769194603741747e-01
207 970 -9.0039582337128321e-01
207 1017 -9.4344710223321460e-01
208 208 3.7608707668525918e+00
208 462 -2.6385379577472334e-01
208 508 -2.5703748836653845e-01
208 856 -6.9815641077715906e-01
208 904 -6.9325520916049244e-01
208 971 -9.0364102847937244e-01
208 1014 -9.4491768598859327e-01
209 209 3.7527765344605282e+00
209 464 -2.6637720516404156e-01
209 509 -2.6487907444804104e-01
209 857 -7.0498493216680203e-01
209 906 -6.9681848978703476e-01
209 972 -8.8138554973971828e-01
209 1015 -9.3832206968733056e-01
210 210 3.6639545080150517e+00
210 429 -7.3085548994956018e-01
210 510 -7.5106144167903977e-01
210 567 -7.5917861008215592e-01
210 977 -6.8750919703401425e-01
210 1073 -7.3534220576345122e-01
211 211 4.0204281629325873e+00
211 436 -2.0160505088654782e-01
211 440 -5.9431821202202813e-02
211 499 -3.7577311735453867e-01
211 519 -1.1711694947614640e-01
211 932 -8.9821124480284587e-01
211 956 -1.1283579583345222e+00
211 960 -1.2399203218437391e+00
212 212 4.0202841950264947e+00
212 437 -2.0098306015868989e-01
212 441 -5.7512210206166731e-02
212 500 -3.7783226312945351e-01
212 520 -1.1799633796658601e-01
212 933 -9.0120843033240361e-01
212 957 -1.1268009327805029e+00
212 961 -1.2379392597103882e+00
213 213 4.0163812453544372e+00
213 438 -2.0633581318435776e-01
213 442 -5.6888153961243672e-02
213 501 -3.7783497292865592e-01
213 521 -1.1573721561588046e-01
213 934 -9.0412487082941262e-01
213 958 -1.1227625279359308e+00
213 962 -1.2326860463183722e+00
214 214 4.0167435914840066e+00
214 439 -2.0581658181057871e-01
214 443 -6.0157529823320989e-02
214 502 -3.7094451327461447e-01
214 522 -1.1547950765302167e-01
214 935 -9.0127825953152985e-01
214 959 -1.1289286423429699e+00
